È«±æµ¿0,4,81,84
È«±æµ¿1,20,35,82
È«±æµ¿2,9,77,94
È«±æµ¿3,32,48,32
È«±æµ¿4,4,49,19
È«±æµ¿5,78,9,54
È«±æµ¿6,41,16,84
È«±æµ¿7,77,6,47
È«±æµ¿8,67,70,51
È«±æµ¿9,87,18,36
È«±æµ¿10,94,7,11
È«±æµ¿11,67,8,42
È«±æµ¿12,31,37,44
È«±æµ¿13,17,38,16
È«±æµ¿14,54,11,47
È«±æµ¿15,12,53,35
È«±æµ¿16,63,62,64
È«±æµ¿17,58,5,5
È«±æµ¿18,22,53,40
È«±æµ¿19,92,14,33
È«±æµ¿20,90,41,24
È«±æµ¿21,15,89,67
È«±æµ¿22,38,66,65
È«±æµ¿23,81,38,73
È«±æµ¿24,21,60,53
È«±æµ¿25,72,62,74
È«±æµ¿26,51,63,36
È«±æµ¿27,53,94,57
È«±æµ¿28,64,32,83
È«±æµ¿29,36,67,84
È«±æµ¿30,92,65,70
È«±æµ¿31,2,28,31
È«±æµ¿32,86,73,95
È«±æµ¿33,2,73,4
È«±æµ¿34,21,30,14
È«±æµ¿35,37,25,31
È«±æµ¿36,6,78,83
È«±æµ¿37,64,63,89
È«±æµ¿38,76,13,44
È«±æµ¿39,90,4,60
È«±æµ¿40,12,53,90
È«±æµ¿41,60,65,13
È«±æµ¿42,38,96,87
È«±æµ¿43,1,21,22
È«±æµ¿44,26,58,17
È«±æµ¿45,82,76,10
È«±æµ¿46,2,66,90
È«±æµ¿47,24,37,84
È«±æµ¿48,58,15,79
È«±æµ¿49,39,58,34
È«±æµ¿50,91,94,72
È«±æµ¿51,13,7,90
È«±æµ¿52,53,7,81
È«±æµ¿53,76,85,30
È«±æµ¿54,46,17,51
È«±æµ¿55,41,72,65
È«±æµ¿56,5,86,37
È«±æµ¿57,25,42,96
È«±æµ¿58,58,18,50
È«±æµ¿59,77,61,72
È«±æµ¿60,82,65,4
È«±æµ¿61,87,4,22
È«±æµ¿62,27,51,27
È«±æµ¿63,71,77,0
È«±æµ¿64,9,96,40
È«±æµ¿65,80,46,90
È«±æµ¿66,10,41,26
È«±æµ¿67,15,35,7
È«±æµ¿68,45,73,25
È«±æµ¿69,63,9,15
È«±æµ¿70,88,49,3
È«±æµ¿71,97,51,31
È«±æµ¿72,57,59,83
È«±æµ¿73,3,37,94
È«±æµ¿74,95,85,73
È«±æµ¿75,29,3,3
È«±æµ¿76,32,2,11
È«±æµ¿77,24,50,34
È«±æµ¿78,2,9,2
È«±æµ¿79,86,25,21
È«±æµ¿80,65,72,18
È«±æµ¿81,58,37,84
È«±æµ¿82,96,24,18
È«±æµ¿83,1,91,22
È«±æµ¿84,54,44,76
È«±æµ¿85,4,89,15
È«±æµ¿86,68,96,95
È«±æµ¿87,30,3,56
È«±æµ¿88,5,0,36
È«±æµ¿89,13,11,6
È«±æµ¿90,57,50,80
È«±æµ¿91,2,12,52
È«±æµ¿92,85,84,20
È«±æµ¿93,75,21,63
È«±æµ¿94,60,19,19
È«±æµ¿95,27,81,68
È«±æµ¿96,3,51,95
È«±æµ¿97,58,53,93
È«±æµ¿98,16,8,24
È«±æµ¿99,88,47,70
